1e-06 1.64795e-11 -1.43667e-08 0.014618
0.00401706 -6.75104e-07 -4.64824e-05 0.0146134
0.00803311 -3.69653e-06 -7.20444e-05 0.014606
0.0120492 -1.03788e-05 -7.92164e-05 0.014595
0.0160652 -2.1975e-05 -7.02353e-05 0.0145807
0.0200813 -3.96018e-05 -4.71085e-05 0.0145632
0.0240973 -6.42461e-05 -1.15688e-05 0.0145428
0.0281134 -9.67362e-05 3.48055e-05 0.0145196
0.0321294 -0.000137789 9.0597e-05 0.0144941
0.0361455 -0.000187995 0.000154485 0.0144659
0.0401616 -0.000247836 0.000225255 0.0144357
0.0441776 -0.000317727 0.000301743 0.0144035
0.0481937 -0.00039802 0.000382867 0.0143692
0.0522097 -0.000489052 0.000467603 0.0143332
0.0562258 -0.000591105 0.000555039 0.0142955
0.0602418 -0.00070447 0.000644328 0.0142562
0.0642579 -0.000829391 0.000734745 0.0142155
0.068274 -0.0009661 0.000825693 0.0141734
0.07229 -0.00111476 0.000916691 0.0141304
0.0763061 -0.00127549 0.00100736 0.0140863
0.0803221 -0.00144833 0.00109742 0.0140415
0.0843382 -0.00163321 0.00118666 0.0139961
0.0883542 -0.00183 0.00127489 0.0139504
0.0923703 -0.00203849 0.00136196 0.0139044
0.0963863 -0.0022584 0.00144767 0.0138584
0.100402 -0.0024894 0.00153183 0.0138125
0.104418 -0.00273113 0.00161418 0.0137667
0.108435 -0.00298324 0.00169442 0.0137211
0.112451 -0.00324538 0.00177222 0.0136758
0.116467 -0.00351724 0.00184717 0.0136307
0.120483 -0.0037986 0.0019189 0.0135859
0.124499 -0.00408933 0.00198706 0.0135412
0.128515 -0.00438935 0.00205136 0.0134968
0.132531 -0.00469871 0.00211163 0.0134526
0.136547 -0.0050175 0.00216789 0.0134086
0.140563 -0.0053458 0.00222031 0.0133654
0.144579 -0.00568369 0.00226928 0.0133226
0.148595 -0.00603118 0.00231532 0.013281
0.152611 -0.00638814 0.00235913 0.0132407
0.156627 -0.00675432 0.00240145 0.0132019
0.160643 -0.00712928 0.00244308 0.0131653
0.164659 -0.00751245 0.00248473 0.0131312
0.168675 -0.0079031 0.00252701 0.0130991
0.172691 -0.00830038 0.00257034 0.0130701
0.176707 -0.00870337 0.00261493 0.0130444
0.180724 -0.00911115 0.00266079 0.0130215
0.18474 -0.00952281 0.00270771 0.0130016
0.188756 -0.0099375 0.0027553 0.0129842
0.192772 -0.0103544 0.00280302 0.0129698
0.196788 -0.0107728 0.00285021 0.0129577
0.200804 -0.0111918 0.00289606 0.0129477
0.20482 -0.011611 0.00293959 0.0129394
0.208836 -0.0120297 0.00297967 0.0129326
0.212852 -0.0124475 0.00301502 0.0129267
0.216868 -0.0128643 0.00304426 0.0129212
0.220884 -0.0132803 0.00306599 0.0129155
0.2249 -0.0136961 0.00307898 0.0129091
0.228916 -0.0141126 0.00308238 0.0129017
0.232932 -0.0145311 0.00307583 0.0128931
0.236948 -0.0149531 0.00305968 0.0128835
0.240964 -0.01538 0.00303499 0.0128732
0.24498 -0.015813 0.00300352 0.0128628
0.248996 -0.0162529 0.00296761 0.0128533
0.253013 -0.0167 0.00292999 0.0128456
0.257029 -0.0171539 0.0028935 0.0128408
0.261045 -0.0176139 0.00286082 0.01284
0.265061 -0.0180784 0.00283427 0.0128438
0.269077 -0.0185455 0.00281555 0.0128532
0.273093 -0.0190131 0.00280565 0.0128686
0.277109 -0.0194789 0.00280468 0.01289
0.281125 -0.019941 0.00281217 0.0129176
0.285141 -0.0203975 0.00282696 0.0129502
0.289157 -0.020847 0.00284752 0.0129882
0.293173 -0.0212882 0.00287202 0.0130305
0.297189 -0.0217202 0.00289849 0.0130764
0.301205 -0.0221422 0.00292478 0.0131251
0.305221 -0.0225535 0.00294863 0.0131757
0.309237 -0.0229538 0.0029676 0.0132275
0.313253 -0.0233431 0.00297907 0.013279
0.317269 -0.0237215 0.0029804 0.0133299
0.321285 -0.02409 0.00296902 0.0133788
0.325302 -0.0244503 0.00294275 0.0134246
0.329318 -0.0248045 0.00290014 0.0134669
0.333334 -0.0251552 0.00284077 0.0135057
0.33735 -0.0255054 0.00276545 0.0135404
0.341366 -0.0258579 0.00267628 0.0135721
0.345382 -0.0262149 0.00257661 0.0136024
0.349398 -0.0265779 0.00247072 0.0136325
0.353414 -0.0269476 0.00236342 0.0136641
0.35743 -0.0273233 0.00225965 0.0136992
0.361446 -0.0277035 0.00216393 0.0137387
0.365462 -0.0280856 0.00208008 0.0137852
0.369478 -0.0284666 0.00201072 0.0138399
0.373494 -0.0288428 0.00195713 0.0139026
0.37751 -0.0292108 0.0019193 0.013974
0.381526 -0.0295675 0.00189602 0.014053
0.385542 -0.0299102 0.00188519 0.0141401
0.389558 -0.030237 0.00188404 0.014233
0.393575 -0.0305463 0.00188959 0.0143311
0.397591 -0.0308371 0.00189856 0.0144343
0.401607 -0.0311086 0.00190773 0.0145395
0.405623 -0.0313604 0.00191371 0.0146465
0.409639 -0.0315924 0.00191306 0.0147538
0.413655 -0.0318047 0.00190224 0.0148602
0.417671 -0.0319982 0.00187765 0.0149632
0.421687 -0.0321745 0.00183603 0.0150626
0.425703 -0.032336 0.00177464 0.0151567
0.429719 -0.0324858 0.00169185 0.0152447
0.433735 -0.0326276 0.00158737 0.0153264
0.437751 -0.0327654 0.00146252 0.0154014
0.441767 -0.0329028 0.00132042 0.0154718
0.445783 -0.0330429 0.00116565 0.0155387
0.449799 -0.0331875 0.00100388 0.0156035
0.453815 -0.0333372 0.000841468 0.0156688
0.457831 -0.0334913 0.000684766 0.0157375
0.461847 -0.0336475 0.00053945 0.015811
0.465864 -0.0338027 0.000410191 0.015891
0.46988 -0.0339529 0.000300035 0.0159806
0.473896 -0.0340937 0.000210366 0.0160783
0.477912 -0.034221 0.00014088 0.0161849
0.481928 -0.0343312 8.98572e-05 0.0163003
0.485944 -0.0344213 5.44624e-05 0.0164226
0.48996 -0.0344893 3.12623e-05 0.0165514
0.493976 -0.0345338 1.64703e-05 0.0166843
0.497992 -0.0345539 6.29531e-06 0.0168208
0.502008 -0.0345493 -3.05673e-06 0.0169584
0.506024 -0.0345199 -1.53121e-05 0.017097
0.51004 -0.0344659 -3.42312e-05 0.0172337
0.514056 -0.0343881 -6.35449e-05 0.0173669
0.518072 -0.0342878 -0.000106886 0.0174954
0.522088 -0.0341669 -0.000167544 0.0176186
0.526104 -0.0340284 -0.000248073 0.017734
0.53012 -0.0338756 -0.000349947 0.0178409
0.534136 -0.0337129 -0.000473123 0.0179396
0.538153 -0.0335442 -0.000615927 0.0180296
0.542169 -0.0333736 -0.000774891 0.0181131
0.546185 -0.0332039 -0.000945185 0.0181912
0.550201 -0.0330373 -0.00112085 0.0182649
0.554217 -0.0328743 -0.00129543 0.0183383
0.558233 -0.032714 -0.0014626 0.0184121
0.562249 -0.0325545 -0.00161676 0.0184895
0.566265 -0.0323925 -0.00175349 0.0185723
0.570281 -0.0322242 -0.00186993 0.0186603
0.574297 -0.0320457 -0.00196493 0.0187558
0.578313 -0.0318532 -0.00203907 0.0188572
0.582329 -0.0316434 -0.00209417 0.0189647
0.586345 -0.0314142 -0.00213311 0.0190764
0.590361 -0.0311638 -0.00215925 0.0191921
0.594377 -0.0308916 -0.00217622 0.0193095
0.598393 -0.0305974 -0.00218751 0.0194273
0.602409 -0.0302813 -0.00219648 0.019544
0.606425 -0.0299438 -0.00220637 0.0196592
0.610442 -0.0295859 -0.00222024 0.01977
0.614458 -0.0292084 -0.00224113 0.0198757
0.618474 -0.0288131 -0.00227176 0.019976
0.62249 -0.0284019 -0.00231457 0.0200682
0.626506 -0.0279776 -0.00237138 0.0201525
0.630522 -0.0275432 -0.00244306 0.0202279
0.634538 -0.0271023 -0.00252934 0.0202945
0.638554 -0.0266582 -0.0026287 0.0203521
0.64257 -0.0262141 -0.00273834 0.0204017
0.646586 -0.0257726 -0.0028544 0.0204455
0.650602 -0.0253351 -0.00297234 0.0204845
0.654618 -0.0249022 -0.00308734 0.0205203
0.658634 -0.0244735 -0.00319478 0.0205549
0.66265 -0.0240475 -0.00329061 0.0205893
0.666666 -0.0236223 -0.00337172 0.0206252
0.670682 -0.0231951 -0.00343625 0.0206636
0.674698 -0.0227636 -0.00348357 0.0207042
0.678715 -0.0223253 -0.00351422 0.020747
0.682731 -0.0218784 -0.0035297 0.0207917
0.686747 -0.0214217 -0.00353214 0.0208372
0.690763 -0.0209547 -0.00352403 0.0208824
0.694779 -0.0204773 -0.00350783 0.0209268
0.698795 -0.0199899 -0.00348596 0.0209691
0.702811 -0.0194933 -0.00346057 0.0210085
0.706827 -0.0189884 -0.00343363 0.0210443
0.710843 -0.0184762 -0.00340689 0.0210758
0.714859 -0.0179579 -0.00338195 0.0211022
0.718875 -0.0174348 -0.00336018 0.0211225
0.722891 -0.0169086 -0.00334271 0.0211374
0.726907 -0.0163809 -0.00333036 0.0211455
0.730923 -0.0158537 -0.00332335 0.0211471
0.734939 -0.015329 -0.00332146 0.0211422
0.738955 -0.0148087 -0.00332381 0.021131
0.742971 -0.0142946 -0.00332902 0.0211144
0.746987 -0.0137878 -0.00333523 0.0210929
0.751004 -0.0132894 -0.0033404 0.0210675
0.75502 -0.0127998 -0.00334239 0.0210389
0.759036 -0.012319 -0.00333921 0.021008
0.763052 -0.0118465 -0.00332919 0.0209754
0.767068 -0.0113817 -0.00331115 0.020942
0.771084 -0.0109237 -0.00328442 0.0209078
0.7751 -0.0104717 -0.00324889 0.0208732
0.779116 -0.010025 -0.00320494 0.020838
0.783132 -0.00958327 -0.00315333 0.0208021
0.787148 -0.00914625 -0.00309507 0.0207653
0.791164 -0.00871409 -0.00303126 0.0207272
0.79518 -0.00828716 -0.00296297 0.0206874
0.799196 -0.00786602 -0.00289117 0.0206458
0.803212 -0.00745134 -0.00281666 0.0206022
0.807228 -0.00704381 -0.0027401 0.0205565
0.811244 -0.00664417 -0.00266199 0.0205086
0.81526 -0.00625312 -0.00258267 0.0204583
0.819276 -0.00587131 -0.00250239 0.0204061
0.823293 -0.00549935 -0.0024213 0.0203518
0.827309 -0.0051378 -0.00233944 0.0202956
0.831325 -0.00478712 -0.00225683 0.0202376
0.835341 -0.00444772 -0.00217339 0.0201779
0.839357 -0.00411992 -0.00208908 0.0201172
0.843373 -0.00380394 -0.00200383 0.0200553
0.847389 -0.00349998 -0.00191762 0.0199923
0.851405 -0.00320817 -0.00183048 0.0199288
0.855421 -0.00292859 -0.00174249 0.0198647
0.859437 -0.00266136 -0.00165376 0.0198001
0.863453 -0.00240654 -0.00156445 0.0197355
0.867469 -0.00216423 -0.00147475 0.0196707
0.871485 -0.00193452 -0.00138484 0.019606
0.875501 -0.00171746 -0.0012949 0.0195416
0.879517 -0.00151313 -0.00120514 0.0194775
0.883533 -0.00132156 -0.00111572 0.019414
0.887549 -0.00114276 -0.00102683 0.0193513
0.891565 -0.000976699 -0.000938647 0.0192894
0.895582 -0.000823332 -0.000851358 0.0192286
0.899598 -0.000682574 -0.000765133 0.019169
0.903614 -0.000554308 -0.00068016 0.019111
0.90763 -0.000438372 -0.000596615 0.0190542
0.911646 -0.000334562 -0.000514673 0.0189995
0.915662 -0.000242618 -0.000434507 0.0189467
0.919678 -0.000162203 -0.00035631 0.0188962
0.923694 -9.29036e-05 -0.000280299 0.018848
0.92771 -3.42328e-05 -0.000206761 0.0188024
0.931726 1.43724e-05 -0.000136013 0.0187597
0.935742 5.35425e-05 -6.85045e-05 0.0187195
0.939758 8.39443e-05 -4.76484e-06 0.0186825
0.943774 0.000106272 5.45888e-05 0.0186484
0.94779 0.000121218 0.000108849 0.0186175
0.951806 0.000129488 0.000157246 0.0185897
0.955822 0.000131757 0.000198993 0.0185649
0.959838 0.000128736 0.000233288 0.0185436
0.963854 0.000121134 0.000259336 0.0185254
0.967871 0.000109699 0.000276367 0.0185104
0.971887 9.52422e-05 0.00028365 0.0184991
0.975903 7.86569e-05 0.000280463 0.0184911
0.979919 6.09553e-05 0.000266112 0.018487
0.983935 4.32593e-05 0.000239868 0.0184867
0.987951 2.68311e-05 0.000201004 0.0184905
0.991967 1.30848e-05 0.000148687 0.0184986
0.995983 3.58696e-06 8.20271e-05 0.0185111
0.999999 2.11838e-11 2.2405e-08 0.0185275
