1e-06 2.36257e-11 -6.31851e-09 0.0143175
0.00401706 3.70504e-06 -2.26084e-05 0.014334
0.00803311 1.28651e-05 -4.01606e-05 0.0143427
0.0120492 2.50572e-05 -5.32323e-05 0.0143444
0.0160652 3.82607e-05 -6.24119e-05 0.014339
0.0200813 5.05268e-05 -6.81268e-05 0.0143276
0.0240973 6.00051e-05 -7.02775e-05 0.0143104
0.0281134 6.52851e-05 -6.81241e-05 0.0142893
0.0321294 6.57678e-05 -6.07148e-05 0.0142653
0.0361455 6.15908e-05 -4.7549e-05 0.0142396
0.0401616 5.31894e-05 -2.89035e-05 0.0142126
0.0441776 4.09492e-05 -5.73003e-06 0.014184
0.0481937 2.50507e-05 2.06381e-05 0.0141534
0.0522097 5.49631e-06 4.86786e-05 0.01412
0.0562258 -1.79237e-05 7.68065e-05 0.0140834
0.0602418 -4.56399e-05 0.000103447 0.0140425
0.0642579 -7.84017e-05 0.000127252 0.0139972
0.068274 -0.000117308 0.000147349 0.013947
0.07229 -0.000163669 0.000163758 0.013892
0.0763061 -0.000218537 0.000177519 0.0138334
0.0803221 -0.000282236 0.000190286 0.0137733
0.0843382 -0.000354325 0.000203511 0.0137128
0.0883542 -0.000434087 0.000218 0.013653
0.0923703 -0.000520916 0.000234007 0.0135943
0.0963863 -0.000614467 0.000251605 0.0135372
0.100402 -0.000714531 0.00027086 0.0134815
0.104418 -0.000820903 0.000291973 0.0134282
0.108435 -0.000933219 0.000315226 0.0133776
0.112451 -0.00105074 0.000340826 0.0133299
0.116467 -0.0011722 0.000368546 0.0132853
0.120483 -0.0012959 0.000397078 0.0132427
0.124499 -0.00142033 0.000423645 0.0131996
0.128515 -0.00154524 0.000444553 0.0131525
0.132531 -0.00167192 0.000456922 0.013099
0.136547 -0.00180224 0.000459913 0.0130386
0.140563 -0.00193753 0.000454398 0.0129715
0.144579 -0.0020783 0.000441924 0.0128997
0.148595 -0.00222477 0.000424064 0.012825
0.152611 -0.00237723 0.000402386 0.0127483
0.156627 -0.00253645 0.000378819 0.0126724
0.160643 -0.0027034 0.000356176 0.0125986
0.164659 -0.0028788 0.00033839 0.012533
0.168675 -0.00306205 0.000330081 0.0124774
0.172691 -0.00325057 0.000334818 0.0124367
0.176707 -0.0034405 0.000352854 0.012411
0.180724 -0.00362901 0.000380565 0.0123967
0.18474 -0.00381614 0.000412974 0.0123895
0.188756 -0.00400402 0.00044666 0.0123855
0.192772 -0.00419507 0.000480599 0.0123843
0.196788 -0.00439112 0.000515559 0.0123864
0.200804 -0.00459309 0.000553332 0.0123935
0.20482 -0.00480094 0.000596298 0.0124077
0.208836 -0.00501336 0.000646913 0.0124318
0.212852 -0.00522717 0.000707043 0.0124676
0.216868 -0.0054365 0.000776088 0.0125136
0.220884 -0.00563362 0.000847949 0.0125644
0.2249 -0.00581214 0.000909478 0.0126087
0.228916 -0.00597234 0.000943477 0.0126319
0.232932 -0.00612215 0.000937336 0.0126213
0.236948 -0.0062723 0.000888702 0.0125743
0.240964 -0.0064307 0.000804077 0.0124981
0.24498 -0.00660111 0.000693411 0.0124011
0.248996 -0.00678479 0.000566937 0.012294
0.253013 -0.00698251 0.000434393 0.0121817
0.257029 -0.00719534 0.0003059 0.012077
0.261045 -0.00742424 0.000193033 0.0119873
0.265061 -0.00766836 0.000109333 0.0119234
0.269077 -0.00792225 6.75453e-05 0.0118996
0.273093 -0.00817488 7.40768e-05 0.011922
0.277109 -0.00841367 0.000123056 0.0119864
0.281125 -0.00863216 0.000197912 0.0120779
0.285141 -0.00883351 0.000280728 0.0121792
0.289157 -0.00902631 0.000360692 0.0122807
0.293173 -0.00921876 0.000435033 0.0123803
0.297189 -0.0094164 0.000505951 0.0124791
0.301205 -0.00962188 0.000577944 0.0125822
0.305221 -0.00983535 0.000656472 0.0126937
0.309237 -0.0100542 0.00074689 0.0128193
0.313253 -0.010272 0.000852912 0.0129619
0.317269 -0.0104776 0.000973024 0.0131206
0.321285 -0.0106564 0.00109527 0.0132847
0.325302 -0.0107979 0.00119448 0.0134281
0.329318 -0.0109041 0.00123926 0.0135277
0.333334 -0.0109911 0.00120876 0.0135655
0.33735 -0.011079 0.00110148 0.0135331
0.341366 -0.0111816 0.000931391 0.0134495
0.345382 -0.0113054 0.000718036 0.0133303
0.349398 -0.0114519 0.000480969 0.0131917
0.353414 -0.011622 0.000238457 0.0130518
0.35743 -0.0118163 8.95156e-06 0.0129195
0.361446 -0.0120356 -0.000187071 0.0128163
0.365462 -0.0122763 -0.000327019 0.012768
0.369478 -0.0125272 -0.000391292 0.0127854
0.373494 -0.0127682 -0.000372707 0.0128779
0.37751 -0.0129789 -0.000285777 0.0130401
0.381526 -0.0131506 -0.000160876 0.0132375
0.385542 -0.0132908 -2.78872e-05 0.0134457
0.389558 -0.0134145 9.62206e-05 0.0136484
0.393575 -0.0135353 0.00020766 0.0138433
0.397591 -0.0136617 0.000310398 0.0140331
0.401607 -0.0137977 0.000411453 0.0142238
0.405623 -0.0139433 0.000518889 0.0144233
0.409639 -0.0140945 0.000640325 0.0146379
0.413655 -0.0142422 0.00078076 0.0148734
0.417671 -0.0143706 0.000937453 0.0151248
0.421687 -0.0144606 0.00109293 0.0153816
0.425703 -0.0144992 0.00121232 0.0156081
0.429719 -0.0144919 0.00125506 0.0157654
0.433735 -0.0144615 0.00119641 0.0158357
0.437751 -0.0144343 0.00103795 0.0158183
0.441767 -0.0144276 0.000800593 0.0157351
0.445783 -0.0144487 0.000511082 0.0156056
0.449799 -0.0144988 0.000195658 0.0154544
0.453815 -0.0145784 -0.000121571 0.0153039
0.457831 -0.0146879 -0.000416468 0.0151658
0.461847 -0.0148267 -0.000662784 0.0150693
0.465864 -0.0149887 -0.000832638 0.0150416
0.46988 -0.0151578 -0.000903246 0.0151015
0.473896 -0.0153077 -0.000869805 0.0152537
0.477912 -0.0154136 -0.000754442 0.0154837
0.481928 -0.0154676 -0.000597733 0.0157539
0.485944 -0.0154811 -0.000436196 0.0160314
0.48996 -0.0154734 -0.000289416 0.0162977
0.493976 -0.0154609 -0.000160879 0.0165475
0.497992 -0.0154535 -4.54599e-05 0.0167885
0.502008 -0.0154557 6.51864e-05 0.0170255
0.506024 -0.0154672 0.000180339 0.0172677
0.51004 -0.0154834 0.0003084 0.0175241
0.514056 -0.0154941 0.000454193 0.0177966
0.518072 -0.0154826 0.00061417 0.0180855
0.522088 -0.0154288 0.000768422 0.0183675
0.526104 -0.0153216 0.000879933 0.0186136
0.53012 -0.0151688 0.000908134 0.0187821
0.534136 -0.0149956 0.000830833 0.0188616
0.538153 -0.0148285 0.000653565 0.0188473
0.542169 -0.0146839 0.000399866 0.0187651
0.546185 -0.0145682 9.81922e-05 0.0186449
0.550201 -0.0144818 -0.000224633 0.018496
0.554217 -0.0144243 -0.000543966 0.0183557
0.558233 -0.0143954 -0.000835624 0.0182292
0.562249 -0.0143935 -0.00107353 0.01815
0.566265 -0.0144114 -0.00123124 0.0181355
0.570281 -0.0144313 -0.00128857 0.0182096
0.574297 -0.014427 -0.00124455 0.0183701
0.578313 -0.0143757 -0.00112468 0.0186016
0.582329 -0.0142721 -0.000969845 0.0188627
0.586345 -0.0141294 -0.000814972 0.0191255
0.590361 -0.0139664 -0.000677293 0.0193692
0.594377 -0.0137988 -0.00055944 0.0195949
0.598393 -0.0136356 -0.000456306 0.0198065
0.602409 -0.0134806 -0.000360245 0.0200091
0.606425 -0.0133336 -0.000263237 0.0202112
0.610442 -0.0131907 -0.000158326 0.0204187
0.614458 -0.0130434 -4.17396e-05 0.0206353
0.618474 -0.0128782 8.27693e-05 0.0208566
0.62249 -0.0126806 0.000198743 0.0210689
0.626506 -0.0124434 0.000277041 0.021244
0.630522 -0.0121751 0.000288053 0.0213535
0.634538 -0.011896 0.000218356 0.0213899
0.638554 -0.0116258 7.54987e-05 0.0213584
0.64257 -0.0113756 -0.000120817 0.0212726
0.646586 -0.0111488 -0.000348099 0.0211564
0.650602 -0.0109448 -0.000586121 0.0210311
0.654618 -0.0107626 -0.000816873 0.0209051
0.658634 -0.0106014 -0.00102281 0.020796
0.66265 -0.0104593 -0.00118547 0.0207195
0.666666 -0.0103301 -0.00128674 0.0206904
0.670682 -0.0102003 -0.00131407 0.0207267
0.674698 -0.0100511 -0.00126975 0.0208209
0.678715 -0.00986714 -0.00117429 0.0209554
0.682731 -0.00964709 -0.00105789 0.0211085
0.686747 -0.00940119 -0.000944472 0.0212553
0.690763 -0.0091432 -0.000845339 0.0213853
0.694779 -0.00888384 -0.0007619 0.0214975
0.698795 -0.00862912 -0.000690715 0.0215942
0.702811 -0.00838154 -0.000626912 0.0216808
0.706827 -0.00814112 -0.000565647 0.0217606
0.710843 -0.00790574 -0.000503009 0.0218379
0.714859 -0.007671 -0.000437099 0.0219141
0.718875 -0.00743046 -0.000370075 0.0219873
0.722891 -0.00717756 -0.000310477 0.0220499
0.726907 -0.00691029 -0.000272224 0.0220885
0.730923 -0.00663422 -0.000267723 0.0220914
0.734939 -0.00635953 -0.000300567 0.0220557
0.738955 -0.00609479 -0.000364682 0.0219872
0.742971 -0.00584388 -0.000449347 0.0218975
0.746987 -0.005607 -0.000543687 0.0217954
0.751004 -0.00538296 -0.000638805 0.0216867
0.75502 -0.00517062 -0.000727315 0.0215811
0.759036 -0.00496918 -0.000802414 0.0214822
0.763052 -0.00477767 -0.000857152 0.0213976
0.767068 -0.00459346 -0.000884871 0.0213329
0.771084 -0.00441106 -0.000881406 0.0212932
0.7751 -0.00422298 -0.000848877 0.0212765
0.779116 -0.0040238 -0.00079665 0.0212736
0.783132 -0.00381349 -0.000737289 0.0212736
0.787148 -0.00359678 -0.000680385 0.0212684
0.791164 -0.00337931 -0.000630438 0.0212543
0.79518 -0.00316533 -0.000588025 0.0212299
0.799196 -0.00295715 -0.000552011 0.0211964
0.803212 -0.00275578 -0.00052092 0.0211556
0.807228 -0.00256144 -0.000493408 0.0211091
0.811244 -0.00237387 -0.000468574 0.0210576
0.81526 -0.00219265 -0.000446031 0.0210017
0.819276 -0.00201738 -0.000425975 0.0209413
0.823293 -0.00184805 -0.000409055 0.0208757
0.827309 -0.00168541 -0.000395713 0.0208046
0.831325 -0.00153063 -0.000385329 0.0207281
0.835341 -0.00138443 -0.000376035 0.0206479
0.839357 -0.00124651 -0.000365626 0.0205669
0.843373 -0.0011158 -0.000352517 0.0204858
0.847389 -0.000991028 -0.000336178 0.0204063
0.851405 -0.000871157 -0.000316959 0.0203281
0.855421 -0.000755572 -0.00029584 0.0202513
0.859437 -0.000644167 -0.000274093 0.0201749
0.863453 -0.000537267 -0.000252977 0.0200984
0.867469 -0.000435634 -0.000233475 0.0200213
0.871485 -0.000340235 -0.000215947 0.0199431
0.875501 -0.000251906 -0.000200037 0.0198644
0.879517 -0.000170979 -0.000184958 0.0197859
0.883533 -9.72419e-05 -0.00017002 0.019708
0.887549 -3.02515e-05 -0.000154948 0.0196312
0.891565 3.03848e-05 -0.000139826 0.0195556
0.895582 8.49158e-05 -0.000124904 0.0194812
0.899598 0.000133507 -0.000110473 0.0194081
0.903614 0.00017624 -9.68491e-05 0.0193361
0.90763 0.000213126 -8.43463e-05 0.0192654
0.911646 0.000244019 -7.32529e-05 0.0191958
0.915662 0.000268565 -6.36898e-05 0.0191279
0.919678 0.000286126 -5.53233e-05 0.0190618
0.923694 0.000296077 -4.70323e-05 0.0189989
0.92771 0.000298391 -3.70078e-05 0.0189408
0.931726 0.000294056 -2.35641e-05 0.0188899
0.935742 0.00028477 -6.14088e-06 0.0188463
0.939758 0.000272176 1.45422e-05 0.0188098
0.943774 0.000257431 3.69798e-05 0.0187791
0.94779 0.000241194 5.94269e-05 0.0187532
0.951806 0.000223825 8.02257e-05 0.0187314
0.955822 0.000205521 9.79192e-05 0.0187125
0.959838 0.000186378 0.000111254 0.0186956
0.963854 0.000166396 0.000119236 0.0186806
0.967871 0.000145428 0.000121272 0.0186671
0.971887 0.000123273 0.000117379 0.0186553
0.975903 9.99671e-05 0.000108325 0.0186455
0.979919 7.61432e-05 9.53578e-05 0.0186398
0.983935 5.30859e-05 7.96029e-05 0.0186383
0.987951 3.23937e-05 6.17469e-05 0.0186418
0.991967 1.56216e-05 4.21496e-05 0.0186503
0.995983 4.25579e-06 2.12833e-05 0.0186646
0.999999 1.00197e-11 5.27807e-09 0.0186843
