# y, u, v, p, sampled at y = 0.02
1e-06 -5.37536e-09 -7.72255e-11 29.2124
0.00401706 -5.03621e-06 -1.38373e-05 29.2125
0.00803313 8.40967e-06 -4.33405e-05 29.2123
0.0120492 2.49745e-05 -5.09645e-05 29.2121
0.0160653 2.85907e-05 -1.32179e-05 29.2122
0.0200813 2.97237e-05 4.22e-05 29.2123
0.0240974 2.12722e-05 0.00010575 29.2123
0.0281134 1.58604e-06 0.000166747 29.2123
0.0321295 -2.62548e-05 0.000231878 29.2123
0.0361456 -6.87403e-05 0.000311631 29.2123
0.0401616 -0.000122599 0.000397305 29.2123
0.0441777 -0.000189542 0.00048199 29.2123
0.0481938 -0.000269521 0.000563603 29.2122
0.0522098 -0.000362162 0.000644998 29.2122
0.0562259 -0.000468589 0.000730843 29.2121
0.060242 -0.000588077 0.000818938 29.2121
0.064258 -0.000720928 0.000904561 29.2121
0.0682741 -0.000866507 0.00098819 29.212
0.0722902 -0.00102542 0.00107011 29.212
0.0763062 -0.00119665 0.00115183 29.2119
0.0803223 -0.00138075 0.00123339 29.2119
0.0843383 -0.00157705 0.00131197 29.2118
0.0883544 -0.00178504 0.00138908 29.2118
0.0923705 -0.00200546 0.00146387 29.2117
0.0963865 -0.00223655 0.00153679 29.2117
0.100403 -0.00247937 0.00160877 29.2116
0.104419 -0.0027328 0.00167753 29.2116
0.108435 -0.00299638 0.00174482 29.2115
0.112451 -0.00327093 0.00180951 29.2115
0.116467 -0.00355441 0.00187189 29.2114
0.120483 -0.00384804 0.00193303 29.2114
0.124499 -0.00415055 0.00199064 29.2113
0.128515 -0.00446152 0.00204686 29.2113
0.132531 -0.00478177 0.00210061 29.2112
0.136547 -0.00510919 0.00215201 29.2112
0.140563 -0.00544509 0.00220196 29.2111
0.144579 -0.00578809 0.00224832 29.2111
0.148595 -0.00613787 0.00229324 29.211
0.152611 -0.00649517 0.00233579 29.211
0.156628 -0.006858 0.00237631 29.2109
0.160644 -0.00722761 0.00241548 29.2109
0.16466 -0.00760264 0.00245125 29.2108
0.168676 -0.00798285 0.00248562 29.2108
0.172692 -0.00836889 0.00251762 29.2108
0.176708 -0.0087589 0.00254769 29.2107
0.180724 -0.00915407 0.00257651 29.2107
0.18474 -0.00955309 0.00260231 29.2107
0.188756 -0.0099558 0.00262686 29.2106
0.192772 -0.0103627 0.00264906 29.2106
0.196788 -0.0107722 0.0026694 29.2106
0.200804 -0.0111854 0.00268856 29.2106
0.20482 -0.0116009 0.00270505 29.2105
0.208836 -0.0120187 0.00272048 29.2105
0.212852 -0.0124394 0.00273374 29.2105
0.216868 -0.0128612 0.00274524 29.2105
0.220885 -0.0132853 0.00275553 29.2105
0.224901 -0.0137104 0.00276334 29.2105
0.228917 -0.0141366 0.00277019 29.2105
0.232933 -0.0145641 0.00277505 29.2105
0.236949 -0.0149917 0.00277837 29.2105
0.240965 -0.0154202 0.00278054 29.2104
0.244981 -0.0158486 0.00278028 29.2104
0.248997 -0.0162767 0.00277905 29.2104
0.253013 -0.016705 0.00277597 29.2105
0.257029 -0.0171321 0.00277156 29.2105
0.261045 -0.017559 0.00276604 29.2105
0.265061 -0.0179845 0.0027582 29.2105
0.269077 -0.0184086 0.00274947 29.2105
0.273093 -0.0188318 0.00273892 29.2105
0.277109 -0.0192526 0.00272709 29.2105
0.281125 -0.019672 0.00271413 29.2105
0.285142 -0.0200889 0.00269899 29.2106
0.289158 -0.0205035 0.00268301 29.2106
0.293174 -0.0209157 0.00266521 29.2106
0.29719 -0.0213247 0.0026462 29.2106
0.301206 -0.0217311 0.00262609 29.2107
0.305222 -0.0221339 0.00260386 29.2107
0.309238 -0.0225332 0.00258077 29.2107
0.313254 -0.0229292 0.00255581 29.2108
0.31727 -0.0233207 0.00252972 29.2108
0.321286 -0.0237087 0.00250256 29.2109
0.325302 -0.0240919 0.00247334 29.2109
0.329318 -0.0244706 0.00244329 29.2109
0.333334 -0.0248449 0.00241134 29.211
0.33735 -0.0252136 0.00237823 29.211
0.341366 -0.0255777 0.002344 29.2111
0.345383 -0.025936 0.0023078 29.2112
0.349399 -0.0262887 0.00227084 29.2112
0.353415 -0.0266358 0.00223198 29.2113
0.357431 -0.0269764 0.00219201 29.2113
0.361447 -0.0273113 0.00215085 29.2114
0.365463 -0.0276393 0.00210773 29.2115
0.369479 -0.0279607 0.00206386 29.2115
0.373495 -0.0282754 0.00201814 29.2116
0.377511 -0.0285826 0.00197139 29.2117
0.381527 -0.028883 0.00192347 29.2117
0.385543 -0.0291754 0.00187362 29.2118
0.389559 -0.0294602 0.00182302 29.2119
0.393575 -0.0297373 0.0017706 29.212
0.397591 -0.0300058 0.00171726 29.212
0.401607 -0.0302666 0.00166274 29.2121
0.405623 -0.0305183 0.00160631 29.2122
0.40964 -0.0307615 0.0015492 29.2123
0.413656 -0.0309959 0.00149045 29.2124
0.417672 -0.0312208 0.00143088 29.2125
0.421688 -0.031437 0.00137013 29.2126
0.425704 -0.0316432 0.00130756 29.2127
0.42972 -0.0318399 0.00124429 29.2128
0.433736 -0.0320268 0.00117959 29.2129
0.437752 -0.0322035 0.00111424 29.213
0.441768 -0.0323703 0.00104781 29.2131
0.445784 -0.0325265 0.00097962 29.2132
0.4498 -0.0326722 0.000910801 29.2133
0.453816 -0.0328074 0.000840866 29.2134
0.457832 -0.0329315 0.000770477 29.2135
0.461848 -0.033045 0.000699016 29.2136
0.465864 -0.033147 0.000625859 29.2137
0.469881 -0.0332379 0.000552133 29.2138
0.473897 -0.0333175 0.000477549 29.2139
0.477913 -0.0333854 0.000402672 29.214
0.481929 -0.033442 0.000327213 29.2141
0.485945 -0.0334866 0.000250593 29.2142
0.489961 -0.0335194 0.000173584 29.2143
0.493977 -0.0335404 9.60035e-05 29.2145
0.497993 -0.0335492 1.80853e-05 29.2146
0.502009 -0.0335462 -6.04431e-05 29.2147
0.506025 -0.0335308 -0.000139938 29.2148
0.510041 -0.0335032 -0.000219692 29.2149
0.514057 -0.0334634 -0.000299155 29.215
0.518073 -0.0334112 -0.000378801 29.2152
0.522089 -0.0333469 -0.000459055 29.2153
0.526105 -0.03327 -0.000539654 29.2154
0.530121 -0.0331807 -0.000620124 29.2155
0.534138 -0.0330791 -0.000700318 29.2156
0.538154 -0.0329651 -0.000780524 29.2157
0.54217 -0.0328386 -0.000860777 29.2159
0.546186 -0.0326999 -0.000941015 29.216
0.550202 -0.0325488 -0.00102089 29.2161
0.554218 -0.0323854 -0.00110005 29.2162
0.558234 -0.0322099 -0.00117902 29.2163
0.56225 -0.0320221 -0.00125748 29.2164
0.566266 -0.0318225 -0.00133557 29.2165
0.570282 -0.0316107 -0.00141308 29.2166
0.574298 -0.0313871 -0.00148939 29.2167
0.578314 -0.0311519 -0.00156531 29.2169
0.58233 -0.0309047 -0.00164017 29.217
0.586346 -0.0306465 -0.00171429 29.2171
0.590362 -0.0303765 -0.00178755 29.2172
0.594379 -0.0300956 -0.00185912 29.2173
0.598395 -0.0298038 -0.0019301 29.2174
0.602411 -0.0295007 -0.00199949 29.2175
0.606427 -0.0291876 -0.00206781 29.2176
0.610443 -0.0288636 -0.00213489 29.2177
0.614459 -0.0285296 -0.00219978 29.2177
0.618475 -0.0281858 -0.00226389 29.2178
0.622491 -0.0278318 -0.00232593 29.2179
0.626507 -0.027469 -0.00238659 29.218
0.630523 -0.0270964 -0.00244565 29.2181
0.634539 -0.0267152 -0.00250201 29.2182
0.638555 -0.0263255 -0.00255742 29.2182
0.642571 -0.0259268 -0.00261028 29.2183
0.646587 -0.025521 -0.00266151 29.2184
0.650603 -0.0251066 -0.00271086 29.2184
0.654619 -0.0246854 -0.00275706 29.2185
0.658636 -0.0242572 -0.00280203 29.2186
0.662652 -0.0238216 -0.00284398 29.2186
0.666668 -0.0233806 -0.00288416 29.2187
0.670684 -0.0229327 -0.00292219 29.2187
0.6747 -0.0224797 -0.00295673 29.2188
0.678716 -0.0220217 -0.00298989 29.2188
0.682732 -0.021558 -0.00301951 29.2189
0.686748 -0.0210909 -0.00304717 29.2189
0.690764 -0.0206188 -0.00307256 29.2189
0.69478 -0.0201437 -0.00309433 29.219
0.698796 -0.0196655 -0.00311447 29.219
0.702812 -0.0191836 -0.00313067 29.219
0.706828 -0.0187004 -0.00314479 29.219
0.710844 -0.0182143 -0.00315641 29.219
0.71486 -0.0177273 -0.00316437 29.2191
0.718877 -0.0172393 -0.00317073 29.2191
0.722893 -0.0167498 -0.00317289 29.2191
0.726909 -0.0162612 -0.00317284 29.2191
0.730925 -0.0157718 -0.00317018 29.2191
0.734941 -0.0152838 -0.00316391 29.2191
0.738957 -0.0147969 -0.00315598 29.219
0.742973 -0.0143108 -0.00314373 29.219
0.746989 -0.0138279 -0.00312937 29.219
0.751005 -0.0133462 -0.00311238 29.219
0.755021 -0.0128683 -0.00309172 29.219
0.759037 -0.0123936 -0.0030694 29.219
0.763053 -0.011922 -0.003043 29.2189
0.767069 -0.0114556 -0.00301461 29.2189
0.771085 -0.0109928 -0.00298354 29.2189
0.775101 -0.0105358 -0.002949 29.2188
0.779117 -0.0100841 -0.00291299 29.2188
0.783134 -0.00963772 -0.00287309 29.2187
0.78715 -0.00919855 -0.00283125 29.2187
0.791166 -0.00876501 -0.0027869 29.2186
0.795182 -0.00833933 -0.00273957 29.2186
0.799198 -0.00792092 -0.00269081 29.2185
0.803214 -0.00750983 -0.00263835 29.2185
0.80723 -0.0071077 -0.00258434 29.2184
0.811246 -0.00671321 -0.00252824 29.2183
0.815262 -0.00632827 -0.00246958 29.2183
0.819278 -0.00595233 -0.00240965 29.2182
0.823294 -0.00558551 -0.00234655 29.2182
0.82731 -0.00522913 -0.00228217 29.2181
0.831326 -0.00488212 -0.00221599 29.218
0.835342 -0.00454603 -0.00214771 29.218
0.839358 -0.00422041 -0.00207856 29.2179
0.843374 -0.00390537 -0.0020071 29.2178
0.847391 -0.0036019 -0.00193466 29.2177
0.851407 -0.00330919 -0.00186085 29.2177
0.855423 -0.00302836 -0.00178554 29.2176
0.859439 -0.00275912 -0.00170969 29.2175
0.863455 -0.00250151 -0.00163248 29.2174
0.867471 -0.00225613 -0.00155471 29.2174
0.871487 -0.00202256 -0.00147622 29.2173
0.875503 -0.0018013 -0.00139694 29.2172
0.879519 -0.00159229 -0.00131753 29.2171
0.883535 -0.00139547 -0.00123783 29.2171
0.887551 -0.00121102 -0.00115805 29.217
0.891567 -0.00103894 -0.00107842 29.2169
0.895583 -0.000878994 -0.000998847 29.2169
0.899599 -0.000731445 -0.000919667 29.2168
0.903615 -0.000596026 -0.000841548 29.2167
0.907632 -0.000472465 -0.000763831 29.2167
0.911648 -0.00036126 -0.000687357 29.2166
0.915664 -0.000261235 -0.00061198 29.2166
0.91968 -0.000173129 -0.000537659 29.2165
0.923696 -9.63139e-05 -0.000466127 29.2165
0.927712 -2.9984e-05 -0.000395908 29.2164
0.931728 2.46763e-05 -0.000328774 29.2164
0.935744 7.01216e-05 -0.000263727 29.2163
0.93976 0.000105059 -0.000200057 29.2163
0.943776 0.000130489 -0.000141438 29.2163
0.947792 0.00014807 -8.61121e-05 29.2162
0.951808 0.000155426 -3.71409e-05 29.2162
0.955824 0.000157287 8.18237e-06 29.2162
0.95984 0.000151218 5.1544e-05 29.2162
0.963856 0.000139046 8.63583e-05 29.2162
0.967872 0.000123651 0.000115397 29.2162
0.971889 0.000100769 0.000130957 29.2161
0.975905 7.92294e-05 0.000138069 29.2161
0.979921 5.49384e-05 0.000141923 29.2161
0.983937 3.05953e-05 0.000130497 29.2161
0.987953 1.19556e-05 0.000111159 29.2161
0.991969 -2.70077e-06 7.15223e-05 29.216
0.995985 -1.50592e-05 2.26476e-05 29.2158
1 3.65197e-32 -6.702e-38 29.2158
